1e-05 43.16 -0.8883 0.01
2e-05 0.03 -0.02994 1.0
3e-05 0.01 -0.00998 1.0
4e-05 0.01 -0.00998 1.0
5e-05 0.05 -0.02994 1.0
6e-05 0.03 -0.01996 1.0
7e-05 0.02 -0.01996 1.0
8e-05 0.02 -0.01994 1.0
9e-05 0.02 -0.01996 1.0
0.0001 0.06 -0.04988 1.0
0.00011 0.02 -0.01996 1.0
0.00012 0.07 -0.06986 1.0
0.00013 0.07 -0.06986 1.0
0.00014 0.13 -0.08976 1.0
0.00015 0.13 -0.11974 1.0
0.00016 0.17 -0.13968 1.0
0.00017 0.14 -0.12968 1.0
0.00018 0.17 -0.11968 1.0
0.00019 0.17 -0.14968 1.0
0.0002 0.22 -0.13968 1.0
0.00021 0.29 -0.22932 1.0
0.00022 0.27 -0.21932 0.99
0.00023 0.24 -0.16948 1.0
0.00024 0.31 -0.20948 0.98
0.00025 0.5 -0.33912 1.0
0.00026 0.26 -0.189 1.0
0.00027 0.39 -0.30902 1.0
0.00028 0.32 -0.24886 1.0
0.00029 0.32 -0.2092 0.99
0.0003 0.53 -0.3688 0.97
0.00031 0.48 -0.34894 0.96
0.00032 0.37 -0.28916 0.94
0.00033 0.6 -0.3986 0.99
0.00034 0.56 -0.33878 0.99
0.00035 1.02 -0.47818 0.96
0.00036 0.69 -0.3886 0.95
0.00037 0.67 -0.45834 0.92
0.00038 0.76 -0.44834 0.96
0.00039 0.84 -0.51804 0.92
0.0004 0.66 -0.38848 0.92
0.00041 1.04 -0.55804 0.98
0.00042 1.03 -0.51784 0.92
0.00043 1.07 -0.59772 0.94
0.00044 1.11 -0.5478 0.9
0.00045 1.64 -0.5971 0.86
0.00046 1.36 -0.61736 0.89
0.00047 1.79 -0.69636 0.82
0.00048 1.37 -0.58744 0.88
0.00049 1.13 -0.60656 0.86
0.0005 1.88 -0.78712 0.76
0.00051 1.98 -0.6863 0.89
0.00052 1.69 -0.63714 0.85
0.00053 2.23 -0.76628 0.79
0.00054 2.16 -0.74554 0.82
0.00055 2.19 -0.75588 0.71
0.00056 2.23 -0.80522 0.74
0.00057 2.19 -0.73454 0.8
0.00058 2.55 -0.78404 0.73
0.00059 2.97 -0.85466 0.7
0.0006 2.68 -0.83548 0.79
0.00061 3.22 -0.83572 0.71
0.00062 3.34 -0.9127 0.65
0.00063 3.51 -0.85562 0.67
0.00064 3.21 -0.89288 0.62
0.00065 3.86 -0.95262 0.58
0.00066 4.13 -0.9338 0.57
0.00067 4.23 -0.95282 0.52
0.00068 5.66 -0.94178 0.55
0.00069 4.9 -0.93258 0.47
0.0007 4.37 -0.92304 0.44
0.00071 5.88 -0.97158 0.43
0.00072 5.18 -0.98912 0.43
0.00073 5.66 -0.97066 0.47
0.00074 4.99 -0.93104 0.43
0.00075 7.35 -0.98742 0.29
0.00076 7.92 -0.98664 0.25
0.00077 7.98 -0.96602 0.28
0.00078 6.93 -0.98066 0.32
0.00079 8.51 -0.98604 0.17
0.0008 9.2 -0.98684 0.28
0.00081 9.96 -0.98932 0.19
0.00082 8.85 -0.95794 0.11
0.00083 9.68 -0.98676 0.11
0.00084 11.65 -0.97868 0.11
0.00085 12.16 -0.97338 0.09
0.00086 11.72 -0.97416 0.12
0.00087 10.84 -0.98336 0.03
0.00088 11.74 -0.97626 0.05
0.00089 14.48 -0.97504 0.04
0.0009 15.39 -0.96698 0.06
0.00091 18.32 -0.96268 0.05
0.00092 18.94 -0.96186 0.03
0.00093 18.44 -0.96286 0.01
0.00094 19.26 -0.9558 0.0
0.00095 23.4 -0.93916 0.01
0.00096 20.92 -0.93422 0.02
0.00097 24.39 -0.94432 0.04
0.00098 24.23 -0.93122 0.03
0.00099 24.86 -0.934 0.0
0.001 30.6 -0.90618 0.0
0.00101 30.48 -0.9049 0.0
0.00102 38.05 -0.87288 0.0
0.00103 43.55 -0.85774 0.0
0.00104 48.66 -0.86512 0.0
0.00105 51.56 -0.86104 0.01
0.00106 60.8 -0.8213 0.01
0.00107 58.59 -0.82378 0.01
0.00108 69.18 -0.7651 0.01
0.00109 86.55 -0.74994 0.0
0.0011 73.24 -0.75362 0.0
0.00111 97.15 -0.70624 0.01
0.00112 115.45 -0.65058 0.01
0.00113 115.43 -0.63508 0.0
0.00114 135.66 -0.6242 0.04
0.00115 159.74 -0.5446 0.02
0.00116 142.5 -0.60226 0.01
0.00117 164.15 -0.56288 0.0
0.00118 181.32 -0.52482 0.04
0.00119 200.45 -0.49486 0.03
0.0012 211.02 -0.44408 0.05
0.00121 218.93 -0.44594 0.03
0.00122 240.88 -0.38574 0.01
0.00123 258.24 -0.36702 0.0
0.00124 258.48 -0.33854 0.03
0.00125 286.7 -0.31714 0.08
0.00126 290.33 -0.29888 0.06
0.00127 327.35 -0.23836 0.1
0.00128 334.0 -0.24544 0.06
0.00129 349.0 -0.20608 0.07
0.0013 327.92 -0.24028 0.09
0.00131 375.37 -0.15418 0.05
0.00132 378.26 -0.15218 0.09
0.00133 404.02 -0.10478 0.12
0.00134 418.48 -0.10216 0.14
0.00135 414.39 -0.08648 0.09
0.00136 417.53 -0.0713 0.12
0.00137 433.53 -0.0451 0.17
0.00138 443.59 -0.03054 0.2
0.00139 458.69 0.00012 0.16
0.0014 474.16 0.015 0.22
0.00141 483.0 0.03036 0.14
0.00142 488.94 0.04616 0.17
0.00143 499.86 0.0436 0.26
0.00144 514.25 0.08546 0.3
0.00145 509.43 0.08146 0.21
0.00146 520.87 0.11076 0.32
0.00147 530.13 0.1155 0.35
0.00148 535.86 0.12672 0.28
0.00149 543.66 0.1502 0.33
0.0015 548.21 0.16096 0.37
0.00151 561.93 0.17272 0.31
0.00152 577.28 0.18428 0.31
0.00153 572.06 0.18546 0.33
0.00154 575.84 0.2003 0.39
0.00155 587.15 0.21738 0.38
0.00156 597.19 0.24118 0.35
0.00157 589.63 0.22986 0.39
0.00158 607.31 0.25286 0.36
0.00159 612.78 0.2571 0.4
0.0016 617.86 0.27844 0.48
0.00161 632.36 0.28276 0.48
0.00162 630.45 0.30464 0.5
0.00163 638.59 0.30938 0.41
0.00164 639.94 0.31606 0.49
0.00165 644.57 0.33272 0.54
0.00166 651.11 0.33902 0.49
0.00167 661.01 0.3551 0.58
0.00168 666.94 0.35962 0.6
0.00169 667.37 0.37258 0.55
0.0017 670.04 0.3761 0.59
0.00171 682.2 0.3915 0.61
0.00172 683.4 0.39754 0.57
0.00173 688.78 0.4034 0.71
0.00174 691.98 0.40844 0.63
0.00175 692.27 0.41834 0.67
0.00176 701.62 0.4368 0.7
0.00177 702.76 0.43316 0.73
0.00178 709.34 0.44416 0.67
0.00179 716.73 0.465 0.68
0.0018 718.4 0.4638 0.72
0.00181 719.49 0.4641 0.65
0.00182 728.46 0.4793 0.8
0.00183 730.75 0.48438 0.73
0.00184 736.11 0.48982 0.8
0.00185 732.77 0.49898 0.7
0.00186 737.66 0.49562 0.66
0.00187 747.41 0.50782 0.71
0.00188 749.46 0.52532 0.79
0.00189 751.75 0.52846 0.69
0.0019 755.11 0.5243 0.74
0.00191 759.36 0.53618 0.72
0.00192 760.61 0.54242 0.75
0.00193 769.25 0.55916 0.77
0.00194 767.77 0.56162 0.72
0.00195 771.11 0.56108 0.73
0.00196 770.33 0.56894 0.79
0.00197 777.28 0.57002 0.85
0.00198 778.48 0.57386 0.82
0.00199 783.42 0.58562 0.76
0.002 790.34 0.59242 0.87
0.00201 788.31 0.59498 0.94
0.00202 792.96 0.59808 0.81
0.00203 797.4 0.60334 0.82
0.00204 797.98 0.61452 0.84
0.00205 800.95 0.62508 0.8
0.00206 804.84 0.62312 0.85
0.00207 801.13 0.62658 0.84
0.00208 811.7 0.63986 0.88
0.00209 809.8 0.63864 0.86
0.0021 813.33 0.63764 0.89
0.00211 818.24 0.66144 0.88
0.00212 816.33 0.64864 0.85
0.00213 817.92 0.65972 0.89
0.00214 824.9 0.66246 0.88
0.00215 824.46 0.66544 0.91
0.00216 827.56 0.66954 0.94
0.00217 827.33 0.68084 0.93
0.00218 830.17 0.6767 0.93
0.00219 833.09 0.68368 0.93
0.0022 835.85 0.68846 0.87
0.00221 835.61 0.69188 0.88
0.00222 839.43 0.69508 0.9
0.00223 844.14 0.7068 0.94
0.00224 841.66 0.70158 0.92
0.00225 844.67 0.7048 0.85
0.00226 847.71 0.7113 0.88
0.00227 850.01 0.70468 0.89
0.00228 850.38 0.72332 0.96
0.00229 856.6 0.72338 0.9
0.0023 856.12 0.721 0.91
0.00231 854.81 0.72274 0.89
0.00232 857.33 0.73162 0.88
0.00233 861.67 0.73584 0.9
0.00234 862.86 0.7405 0.95
0.00235 864.92 0.74402 0.95
0.00236 864.62 0.7441 0.9
0.00237 865.2 0.7451 0.91
0.00238 867.99 0.74516 0.95
0.00239 871.11 0.75224 0.91
0.0024 870.82 0.75882 0.96
0.00241 874.85 0.7625 0.94
0.00242 876.18 0.7652 0.96
0.00243 877.3 0.76434 0.93
0.00244 876.59 0.76598 0.93
0.00245 881.97 0.77286 0.95
0.00246 883.01 0.77474 0.98
0.00247 884.81 0.7764 0.96
0.00248 883.06 0.77944 0.94
0.00249 884.91 0.7842 0.96
0.0025 885.46 0.78184 0.95
0.00251 886.6 0.78954 0.97
0.00252 890.52 0.78612 0.97
0.00253 889.37 0.79586 0.99
0.00254 890.47 0.79438 0.96
0.00255 892.39 0.79556 0.94
0.00256 895.08 0.80222 0.97
0.00257 899.53 0.80384 0.98
0.00258 896.01 0.80384 0.96
0.00259 898.03 0.80636 0.98
0.0026 899.57 0.81064 0.94
0.00261 898.46 0.8107 1.0
0.00262 900.56 0.81524 0.99
0.00263 901.01 0.81212 0.95
0.00264 903.62 0.81922 0.96
0.00265 905.76 0.81906 0.99
0.00266 908.26 0.82174 0.98
0.00267 907.29 0.82828 0.99
0.00268 908.87 0.82886 0.99
0.00269 908.26 0.82976 0.98
0.0027 910.66 0.82972 1.0
0.00271 911.47 0.83408 0.96
0.00272 913.82 0.83876 1.0
0.00273 911.69 0.83684 0.99
0.00274 910.44 0.83766 0.94
0.00275 915.05 0.83348 0.97
0.00276 915.19 0.84244 0.99
0.00277 917.14 0.84324 0.99
0.00278 916.92 0.84808 0.99
0.00279 918.23 0.85002 0.98
0.0028 918.97 0.85336 0.97
0.00281 922.34 0.85092 0.98
0.00282 921.44 0.85666 0.98
0.00283 922.17 0.85514 0.97
0.00284 923.68 0.85364 0.99
0.00285 923.3 0.86016 0.98
0.00286 923.89 0.86212 0.98
0.00287 923.33 0.86198 0.97
0.00288 927.7 0.86166 0.99
0.00289 926.28 0.86464 0.97
0.0029 929.09 0.86838 1.0
0.00291 929.47 0.8664 0.99
0.00292 930.28 0.8698 0.97
0.00293 932.21 0.87066 0.98
0.00294 930.45 0.87392 1.0
0.00295 932.14 0.87526 0.99
0.00296 932.43 0.87434 0.99
0.00297 932.5 0.87532 0.99
0.00298 935.99 0.87712 0.98
0.00299 935.51 0.88238 0.99
0.003 936.66 0.881 1.0
0.00301 936.94 0.88568 0.99
0.00302 936.99 0.88448 1.0
0.00303 939.16 0.88594 0.97
0.00304 939.77 0.88808 1.0
0.00305 939.71 0.89106 1.0
0.00306 939.48 0.88906 0.99
0.00307 943.39 0.89104 1.0
0.00308 939.86 0.89202 0.98
0.00309 942.74 0.89188 1.0
0.0031 943.36 0.89524 0.99
0.00311 943.11 0.89418 0.98
0.00312 945.05 0.8952 0.99
0.00313 944.54 0.8986 0.98
0.00314 945.46 0.89812 1.0
0.00315 945.01 0.90082 0.99
0.00316 947.04 0.90472 1.0
0.00317 946.86 0.89968 0.97
0.00318 945.98 0.90442 1.0
0.00319 946.65 0.90242 1.0
0.0032 947.58 0.90182 1.0
0.00321 949.61 0.90448 1.0
0.00322 950.39 0.9057 0.99
0.00323 951.47 0.90806 1.0
0.00324 952.23 0.90994 1.0
0.00325 951.95 0.9115 0.99
0.00326 952.02 0.91204 1.0
0.00327 951.97 0.91204 0.98
0.00328 952.3 0.91116 1.0
0.00329 953.96 0.91564 1.0
0.0033 954.48 0.91626 1.0
0.00331 954.42 0.9142 0.99
0.00332 954.8 0.9176 0.99
0.00333 955.96 0.91858 1.0
0.00334 955.39 0.92118 1.0
0.00335 955.36 0.92014 1.0
0.00336 957.45 0.9215 1.0
0.00337 957.03 0.92358 1.0
0.00338 956.39 0.92176 1.0
0.00339 958.56 0.92364 1.0
0.0034 958.28 0.92526 1.0
0.00341 958.42 0.92546 1.0
0.00342 959.6 0.92654 1.0
0.00343 960.12 0.92698 1.0
0.00344 960.52 0.92538 1.0
0.00345 958.83 0.92616 0.99
0.00346 961.94 0.93042 1.0
0.00347 961.75 0.9291 1.0
0.00348 961.89 0.93126 1.0
0.00349 962.22 0.93286 1.0
0.0035 962.93 0.93132 1.0
0.00351 963.17 0.93322 0.98
0.00352 963.64 0.9341 1.0
0.00353 963.45 0.93306 1.0
0.00354 964.93 0.93408 1.0
0.00355 963.97 0.93724 1.0
0.00356 965.29 0.93738 1.0
0.00357 965.02 0.93548 0.99
0.00358 965.81 0.939 1.0
0.00359 965.54 0.93528 1.0
0.0036 966.36 0.93832 1.0
0.00361 966.4 0.94012 1.0
0.00362 965.87 0.94156 1.0
0.00363 966.61 0.94198 1.0
0.00364 967.11 0.94 1.0
0.00365 967.09 0.94444 1.0
0.00366 967.72 0.94394 1.0
0.00367 969.68 0.94478 1.0
0.00368 968.25 0.94578 1.0
0.00369 969.78 0.94654 1.0
0.0037 969.76 0.94562 1.0
0.00371 969.89 0.94478 1.0
0.00372 970.54 0.94682 1.0
0.00373 970.73 0.94708 1.0
0.00374 970.09 0.9462 0.99
0.00375 970.05 0.94842 1.0
0.00376 970.87 0.94784 1.0
0.00377 971.29 0.94922 1.0
0.00378 971.81 0.95026 1.0
0.00379 972.31 0.95028 1.0
0.0038 972.65 0.95082 1.0
0.00381 972.12 0.95126 1.0
0.00382 972.52 0.94898 1.0
0.00383 973.58 0.9528 1.0
0.00384 973.55 0.9547 1.0
0.00385 973.05 0.95506 1.0
0.00386 974.3 0.95324 0.99
0.00387 974.43 0.95358 1.0
0.00388 974.55 0.95518 1.0
0.00389 974.53 0.95506 1.0
0.0039 975.06 0.95652 1.0
0.00391 974.92 0.95514 0.99
0.00392 974.77 0.95684 1.0
0.00393 976.65 0.95632 1.0
0.00394 975.74 0.9596 1.0
0.00395 975.68 0.9607 1.0
0.00396 975.92 0.95812 1.0
0.00397 976.99 0.96136 1.0
0.00398 976.27 0.95978 1.0
0.00399 977.26 0.96028 1.0
0.004 977.24 0.96092 1.0
0.00401 977.66 0.9614 0.99
0.00402 977.47 0.96212 1.0
0.00403 978.28 0.96104 1.0
0.00404 978.15 0.96364 1.0
0.00405 977.81 0.9622 1.0
0.00406 978.25 0.96328 1.0
0.00407 978.34 0.96364 1.0
0.00408 979.91 0.96288 1.0
0.00409 978.99 0.96358 1.0
0.0041 979.94 0.96476 1.0
0.00411 979.41 0.9632 1.0
0.00412 979.66 0.96516 1.0
0.00413 979.43 0.9674 1.0
0.00414 980.76 0.96556 1.0
0.00415 980.7 0.96642 1.0
0.00416 980.18 0.96588 1.0
0.00417 980.07 0.96612 1.0
0.00418 980.43 0.96764 1.0
0.00419 980.52 0.96578 1.0
0.0042 980.95 0.96786 1.0
0.00421 981.83 0.96918 1.0
0.00422 981.68 0.96796 1.0
0.00423 981.34 0.96822 1.0
0.00424 982.8 0.97048 1.0
0.00425 981.81 0.97094 1.0
0.00426 982.63 0.96944 1.0
0.00427 982.9 0.97 1.0
0.00428 983.79 0.97156 1.0
0.00429 982.22 0.9713 1.0
0.0043 982.51 0.97022 1.0
0.00431 983.77 0.97224 1.0
0.00432 983.75 0.97264 1.0
0.00433 983.81 0.97112 1.0
0.00434 983.29 0.97188 1.0
0.00435 983.85 0.9728 1.0
0.00436 984.47 0.97206 1.0
0.00437 984.41 0.97368 1.0
0.00438 984.46 0.97336 1.0
0.00439 984.4 0.97316 1.0
0.0044 983.53 0.97436 1.0
0.00441 984.13 0.97398 1.0
0.00442 984.52 0.97462 1.0
0.00443 984.75 0.97488 1.0
0.00444 984.88 0.97534 1.0
0.00445 986.05 0.97474 1.0
0.00446 985.44 0.9764 1.0
0.00447 986.03 0.9763 1.0
0.00448 985.33 0.97584 1.0
0.00449 985.59 0.97658 1.0
0.0045 985.85 0.97628 1.0
0.00451 986.4 0.97666 1.0
0.00452 986.09 0.97654 1.0
0.00453 985.87 0.97692 1.0
0.00454 986.77 0.97792 1.0
0.00455 986.89 0.97756 1.0
0.00456 986.47 0.97862 1.0
0.00457 986.42 0.97812 1.0
0.00458 986.84 0.97888 1.0
0.00459 986.78 0.97828 1.0
0.0046 987.27 0.97952 1.0
0.00461 987.11 0.97856 1.0
0.00462 987.27 0.97932 1.0
0.00463 988.11 0.97974 1.0
0.00464 987.8 0.98106 1.0
0.00465 987.72 0.98128 1.0
0.00466 987.45 0.9799 1.0
0.00467 988.29 0.98076 1.0
0.00468 987.63 0.97916 1.0
0.00469 987.96 0.98056 1.0
0.0047 987.82 0.9819 1.0
0.00471 988.35 0.98198 1.0
0.00472 987.88 0.98126 1.0
0.00473 988.78 0.98108 1.0
0.00474 988.95 0.9813 1.0
0.00475 989.12 0.98212 1.0
0.00476 989.02 0.98152 1.0
0.00477 989.28 0.9835 1.0
0.00478 988.78 0.983 1.0
0.00479 988.66 0.98278 1.0
0.0048 989.43 0.9844 1.0
0.00481 988.95 0.9831 1.0
0.00482 989.85 0.98326 1.0
0.00483 990.08 0.98384 1.0
0.00484 989.33 0.98256 1.0
0.00485 989.55 0.98382 1.0
0.00486 989.87 0.98334 1.0
0.00487 989.63 0.98392 1.0
0.00488 990.0 0.9842 1.0
0.00489 990.3 0.98598 1.0
0.0049 989.68 0.98378 1.0
0.00491 989.39 0.98428 1.0
0.00492 989.74 0.98476 1.0
0.00493 990.16 0.98508 1.0
0.00494 990.62 0.98604 1.0
0.00495 990.47 0.98578 1.0
0.00496 990.6 0.986 1.0
0.00497 990.75 0.98602 1.0
0.00498 990.85 0.98648 1.0
0.00499 990.68 0.98544 1.0
0.005 991.09 0.98602 1.0
0.00501 990.46 0.98666 1.0
0.00502 991.23 0.98562 1.0
0.00503 991.35 0.9862 1.0
0.00504 991.59 0.9871 1.0
0.00505 991.62 0.98716 1.0
0.00506 991.02 0.98634 1.0
0.00507 991.16 0.98666 1.0
0.00508 991.04 0.98676 1.0
0.00509 991.45 0.9877 1.0
0.0051 991.39 0.9878 1.0
0.00511 991.83 0.98732 1.0
0.00512 991.74 0.98726 1.0
0.00513 992.03 0.9883 1.0
0.00514 991.74 0.98876 1.0
0.00515 991.88 0.98844 1.0
0.00516 992.0 0.98802 1.0
0.00517 992.16 0.98878 1.0
0.00518 992.04 0.98854 1.0
0.00519 992.16 0.98908 1.0
0.0052 992.17 0.98794 1.0
0.00521 992.32 0.9889 1.0
0.00522 992.71 0.98934 1.0
0.00523 992.38 0.98878 1.0
0.00524 992.21 0.98944 1.0
0.00525 992.45 0.98896 1.0
0.00526 992.58 0.98952 1.0
0.00527 993.01 0.98862 1.0
0.00528 992.71 0.98944 1.0
0.00529 992.73 0.98972 1.0
0.0053 992.89 0.99002 1.0
0.00531 992.65 0.99018 1.0
0.00532 993.01 0.99034 1.0
0.00533 993.21 0.99024 1.0
0.00534 992.98 0.99036 1.0
0.00535 993.01 0.9905 1.0
0.00536 992.99 0.9907 1.0
0.00537 993.23 0.99008 1.0
0.00538 993.28 0.99134 1.0
0.00539 993.25 0.9911 1.0
0.0054 993.08 0.99098 1.0
0.00541 993.42 0.99028 1.0
0.00542 993.62 0.9912 1.0
0.00543 993.15 0.9917 1.0
0.00544 993.9 0.99098 1.0
0.00545 993.74 0.9911 1.0
0.00546 993.99 0.992 1.0
0.00547 993.76 0.99144 1.0
0.00548 993.48 0.99178 1.0
0.00549 994.01 0.99094 1.0
0.0055 993.71 0.99152 1.0
0.00551 993.5 0.99184 1.0
0.00552 994.09 0.99266 1.0
0.00553 993.99 0.99072 1.0
0.00554 994.21 0.99172 1.0
0.00555 993.88 0.9927 1.0
0.00556 994.57 0.99184 1.0
0.00557 994.23 0.99274 1.0
0.00558 994.28 0.99252 1.0
0.00559 994.36 0.99242 1.0
0.0056 993.89 0.99186 1.0
0.00561 993.99 0.99218 1.0
0.00562 994.38 0.99166 1.0
0.00563 994.67 0.99272 1.0
0.00564 994.54 0.99334 1.0
0.00565 994.6 0.9932 1.0
0.00566 994.59 0.99242 1.0
0.00567 994.08 0.99254 1.0
0.00568 994.63 0.9935 1.0
0.00569 994.39 0.99262 1.0
0.0057 994.76 0.99312 1.0
0.00571 994.92 0.9937 1.0
0.00572 994.88 0.99384 1.0
0.00573 994.77 0.99364 1.0
0.00574 994.66 0.99346 1.0
0.00575 994.97 0.99372 1.0
0.00576 994.78 0.99364 1.0
0.00577 994.64 0.9941 1.0
0.00578 994.85 0.99372 1.0
0.00579 994.76 0.99384 1.0
0.0058 995.03 0.99376 1.0
0.00581 994.98 0.994 1.0
0.00582 995.4 0.9936 1.0
0.00583 995.06 0.99418 1.0
0.00584 995.11 0.99432 1.0
0.00585 995.12 0.99428 1.0
0.00586 995.26 0.99438 1.0
0.00587 994.99 0.99364 1.0
0.00588 995.3 0.99404 1.0
0.00589 995.25 0.99434 1.0
0.0059 995.25 0.99418 1.0
0.00591 995.18 0.99412 1.0
0.00592 995.26 0.99386 1.0
0.00593 995.47 0.99482 1.0
0.00594 995.33 0.99442 1.0
0.00595 995.27 0.9951 1.0
0.00596 995.49 0.99496 1.0
0.00597 995.62 0.99474 1.0
0.00598 995.47 0.99504 1.0
0.00599 995.62 0.9956 1.0
0.006 995.8 0.99444 1.0
0.00601 995.55 0.99498 1.0
0.00602 995.53 0.99472 1.0
0.00603 995.52 0.9958 1.0
0.00604 995.65 0.9957 1.0
0.00605 995.54 0.99578 1.0
0.00606 995.89 0.99596 1.0
0.00607 995.9 0.99536 1.0
0.00608 996.03 0.9954 1.0
0.00609 995.72 0.99564 1.0
0.0061 995.49 0.99564 1.0
0.00611 995.95 0.99588 1.0
0.00612 995.8 0.9959 1.0
0.00613 996.18 0.99526 1.0
0.00614 996.08 0.99526 1.0
0.00615 995.81 0.99572 1.0
0.00616 996.34 0.996 1.0
0.00617 995.96 0.99546 1.0
0.00618 996.07 0.99586 1.0
0.00619 996.17 0.99584 1.0
0.0062 996.18 0.99612 1.0
0.00621 996.16 0.99632 1.0
0.00622 996.12 0.99614 1.0
0.00623 996.34 0.9963 1.0
0.00624 996.06 0.99664 1.0
0.00625 996.13 0.99624 1.0
0.00626 996.1 0.99596 1.0
0.00627 996.25 0.99592 1.0
0.00628 996.18 0.99596 1.0
0.00629 996.2 0.99684 1.0
0.0063 996.2 0.99642 1.0
0.00631 996.22 0.99628 1.0
0.00632 996.28 0.99608 1.0
0.00633 996.35 0.99644 1.0
0.00634 996.72 0.99672 1.0
0.00635 996.28 0.99652 1.0
0.00636 996.25 0.99662 1.0
0.00637 996.61 0.99732 1.0
0.00638 996.36 0.9963 1.0
0.00639 996.45 0.9965 1.0
0.0064 996.33 0.99684 1.0
0.00641 996.49 0.9966 1.0
0.00642 996.46 0.99672 1.0
0.00643 996.5 0.9965 1.0
0.00644 996.37 0.997 1.0
0.00645 996.73 0.99676 1.0
0.00646 996.58 0.99668 1.0
0.00647 996.62 0.99718 1.0
0.00648 996.94 0.99712 1.0
0.00649 996.58 0.9973 1.0
0.0065 996.77 0.99698 1.0
0.00651 996.84 0.99714 1.0
0.00652 996.86 0.99708 1.0
0.00653 996.94 0.9971 1.0
0.00654 996.76 0.9975 1.0
0.00655 996.71 0.99706 1.0
0.00656 996.56 0.99714 1.0
0.00657 996.87 0.99764 1.0
0.00658 996.73 0.99694 1.0
0.00659 996.77 0.9974 1.0
0.0066 996.69 0.99758 1.0
0.00661 997.1 0.9972 1.0
0.00662 996.71 0.9972 1.0
0.00663 997.09 0.99766 1.0
0.00664 997.28 0.99756 1.0
0.00665 996.85 0.99724 1.0
0.00666 996.94 0.99738 1.0
0.00667 996.87 0.9971 1.0
0.00668 996.94 0.99738 1.0
0.00669 996.93 0.99778 1.0
0.0067 997.13 0.99736 1.0
0.00671 997.23 0.99774 1.0
0.00672 997.05 0.9976 1.0
0.00673 997.16 0.99752 1.0
0.00674 996.99 0.99786 1.0
0.00675 997.09 0.9975 1.0
0.00676 997.08 0.99764 1.0
0.00677 997.17 0.9978 1.0
0.00678 997.07 0.9979 1.0
0.00679 997.09 0.99754 1.0
0.0068 997.22 0.99756 1.0
0.00681 997.16 0.99774 1.0
0.00682 997.38 0.99786 1.0
0.00683 997.28 0.99788 1.0
0.00684 997.48 0.99788 1.0
0.00685 997.27 0.99814 1.0
0.00686 997.27 0.99792 1.0
0.00687 997.23 0.99764 1.0
0.00688 997.36 0.9977 1.0
0.00689 997.26 0.99786 1.0
0.0069 997.14 0.9978 1.0
0.00691 997.29 0.99814 1.0
0.00692 997.39 0.99784 1.0
0.00693 997.62 0.99842 1.0
0.00694 997.43 0.99804 1.0
0.00695 997.41 0.9981 1.0
0.00696 997.88 0.99828 1.0
0.00697 997.6 0.99848 1.0
0.00698 997.42 0.99808 1.0
0.00699 997.66 0.9982 1.0
0.007 997.41 0.99814 1.0
0.00701 997.43 0.99832 1.0
0.00702 997.3 0.99806 1.0
0.00703 997.6 0.99858 1.0
0.00704 997.55 0.99802 1.0
0.00705 997.58 0.998 1.0
0.00706 997.65 0.99846 1.0
0.00707 997.61 0.99828 1.0
0.00708 997.63 0.99862 1.0
0.00709 997.65 0.99848 1.0
0.0071 997.64 0.99836 1.0
0.00711 997.59 0.9979 1.0
0.00712 997.81 0.99854 1.0
0.00713 997.54 0.99822 1.0
0.00714 997.63 0.99842 1.0
0.00715 997.8 0.99884 1.0
0.00716 997.61 0.99856 1.0
0.00717 997.64 0.99856 1.0
0.00718 997.66 0.99826 1.0
0.00719 997.63 0.9985 1.0
0.0072 997.73 0.9986 1.0
0.00721 997.62 0.9983 1.0
0.00722 997.7 0.99826 1.0
0.00723 997.81 0.99884 1.0
0.00724 997.85 0.99842 1.0
0.00725 997.8 0.99856 1.0
0.00726 997.86 0.99882 1.0
0.00727 997.65 0.99858 1.0
0.00728 997.99 0.99896 1.0
0.00729 997.76 0.9983 1.0
0.0073 997.82 0.99848 1.0
0.00731 997.63 0.99842 1.0
0.00732 997.84 0.9989 1.0
0.00733 997.83 0.9988 1.0
0.00734 997.8 0.99862 1.0
0.00735 997.81 0.99874 1.0
0.00736 997.87 0.99856 1.0
0.00737 997.9 0.99878 1.0
0.00738 998.14 0.99894 1.0
0.00739 997.97 0.9988 1.0
0.0074 998.06 0.99894 1.0
0.00741 998.03 0.99896 1.0
0.00742 998.06 0.99892 1.0
0.00743 997.96 0.99882 1.0
0.00744 997.87 0.99854 1.0
0.00745 997.81 0.99886 1.0
0.00746 997.99 0.99884 1.0
0.00747 997.93 0.9986 1.0
0.00748 997.86 0.99868 1.0
0.00749 998.19 0.99912 1.0
0.0075 998.0 0.99896 1.0
0.00751 998.08 0.99882 1.0
0.00752 998.06 0.99906 1.0
0.00753 998.16 0.99908 1.0
0.00754 997.96 0.99884 1.0
0.00755 998.25 0.99916 1.0
0.00756 998.15 0.99932 1.0
0.00757 998.08 0.99884 1.0
0.00758 998.15 0.99908 1.0
0.00759 998.25 0.99922 1.0
0.0076 998.2 0.99894 1.0
0.00761 998.09 0.999 1.0
0.00762 998.08 0.99928 1.0
0.00763 997.99 0.99892 1.0
0.00764 998.07 0.99932 1.0
0.00765 998.14 0.99898 1.0
0.00766 998.13 0.99902 1.0
0.00767 998.13 0.9992 1.0
0.00768 998.14 0.99898 1.0
0.00769 998.36 0.9992 1.0
0.0077 998.4 0.99934 1.0
0.00771 998.04 0.9989 1.0
0.00772 998.18 0.99938 1.0
0.00773 998.12 0.99924 1.0
0.00774 998.12 0.999 1.0
0.00775 998.14 0.99908 1.0
0.00776 998.22 0.99906 1.0
0.00777 998.28 0.99918 1.0
0.00778 998.35 0.9994 1.0
0.00779 998.14 0.99904 1.0
0.0078 998.37 0.99924 1.0
0.00781 998.26 0.99906 1.0
0.00782 998.25 0.9992 1.0
0.00783 998.3 0.9993 1.0
0.00784 998.21 0.99898 1.0
0.00785 998.34 0.9994 1.0
0.00786 998.18 0.99908 1.0
0.00787 998.35 0.99934 1.0
0.00788 998.3 0.99922 1.0
0.00789 998.29 0.99922 1.0
0.0079 998.31 0.99928 1.0
0.00791 998.28 0.99924 1.0
0.00792 998.32 0.9994 1.0
0.00793 998.43 0.99932 1.0
0.00794 998.25 0.99912 1.0
0.00795 998.33 0.9994 1.0
0.00796 998.36 0.99942 1.0
0.00797 998.39 0.99942 1.0
0.00798 998.37 0.99938 1.0
0.00799 998.46 0.99944 1.0
0.008 998.27 0.99932 1.0
0.00801 998.33 0.99934 1.0
0.00802 998.28 0.99916 1.0
0.00803 998.39 0.9994 1.0
0.00804 998.5 0.99952 1.0
0.00805 998.3 0.9993 1.0
0.00806 998.3 0.99934 1.0
0.00807 998.36 0.99934 1.0
0.00808 998.48 0.99948 1.0
0.00809 998.42 0.99928 1.0
0.0081 998.48 0.99948 1.0
0.00811 998.47 0.99936 1.0
0.00812 998.48 0.99942 1.0
0.00813 998.39 0.99928 1.0
0.00814 998.54 0.9995 1.0
0.00815 998.54 0.99954 1.0
0.00816 998.55 0.99956 1.0
0.00817 998.44 0.99944 1.0
0.00818 998.39 0.9994 1.0
0.00819 998.41 0.99946 1.0
0.0082 998.53 0.99946 1.0
0.00821 998.48 0.99926 1.0
0.00822 998.45 0.9994 1.0
0.00823 998.55 0.9996 1.0
0.00824 998.49 0.9994 1.0
0.00825 998.59 0.9996 1.0
0.00826 998.5 0.99942 1.0
0.00827 998.55 0.99942 1.0
0.00828 998.49 0.99964 1.0
0.00829 998.51 0.9995 1.0
0.0083 998.56 0.99952 1.0
0.00831 998.5 0.99952 1.0
0.00832 998.65 0.99958 1.0
0.00833 998.62 0.99946 1.0
0.00834 998.67 0.99966 1.0
0.00835 998.68 0.99972 1.0
0.00836 998.49 0.99942 1.0
0.00837 998.63 0.99954 1.0
0.00838 998.68 0.99964 1.0
0.00839 998.62 0.99964 1.0
0.0084 998.57 0.99962 1.0
0.00841 998.51 0.9995 1.0
0.00842 998.48 0.99948 1.0
0.00843 998.6 0.99968 1.0
0.00844 998.6 0.99964 1.0
0.00845 998.63 0.99956 1.0
0.00846 998.52 0.99956 1.0
0.00847 998.68 0.99958 1.0
0.00848 998.67 0.99968 1.0
0.00849 998.65 0.99954 1.0
0.0085 998.72 0.99976 1.0
0.00851 998.58 0.99962 1.0
0.00852 998.62 0.99962 1.0
0.00853 998.63 0.99958 1.0
0.00854 998.76 0.9998 1.0
0.00855 998.64 0.99962 1.0
0.00856 998.62 0.99958 1.0
0.00857 998.59 0.99972 1.0
0.00858 998.54 0.99942 1.0
0.00859 998.6 0.99968 1.0
0.0086 998.67 0.99966 1.0
0.00861 998.6 0.99962 1.0
0.00862 998.61 0.99964 1.0
0.00863 998.75 0.99976 1.0
0.00864 998.73 0.9997 1.0
0.00865 998.67 0.99958 1.0
0.00866 998.52 0.99962 1.0
0.00867 998.69 0.99962 1.0
0.00868 998.75 0.9997 1.0
0.00869 998.72 0.99964 1.0
0.0087 998.69 0.99964 1.0
0.00871 998.65 0.99962 1.0
0.00872 998.67 0.99962 1.0
0.00873 998.71 0.99972 1.0
0.00874 998.74 0.99976 1.0
0.00875 998.7 0.9997 1.0
0.00876 998.72 0.99964 1.0
0.00877 998.66 0.9997 1.0
0.00878 998.81 0.9997 1.0
0.00879 998.64 0.99966 1.0
0.0088 998.72 0.99964 1.0
0.00881 998.74 0.99962 1.0
0.00882 998.77 0.99974 1.0
0.00883 998.68 0.99966 1.0
0.00884 998.72 0.99974 1.0
0.00885 998.66 0.99958 1.0
0.00886 998.82 0.99982 1.0
0.00887 998.71 0.99968 1.0
0.00888 998.76 0.99976 1.0
0.00889 998.78 0.99978 1.0
0.0089 998.6 0.99972 1.0
0.00891 998.74 0.99972 1.0
0.00892 998.82 0.99986 1.0
0.00893 998.76 0.99972 1.0
0.00894 998.77 0.99974 1.0
0.00895 998.72 0.9997 1.0
0.00896 998.72 0.99978 1.0
0.00897 998.76 0.99968 1.0
0.00898 998.71 0.99974 1.0
0.00899 998.78 0.99972 1.0
0.009 998.74 0.9998 1.0
0.00901 998.72 0.99968 1.0
0.00902 998.74 0.99964 1.0
0.00903 998.79 0.99982 1.0
0.00904 998.85 0.99988 1.0
0.00905 998.77 0.99982 1.0
0.00906 998.79 0.99978 1.0
0.00907 998.82 0.99986 1.0
0.00908 998.84 0.99978 1.0
0.00909 998.82 0.99978 1.0
0.0091 998.79 0.99966 1.0
0.00911 998.78 0.99976 1.0
0.00912 998.87 0.99992 1.0
0.00913 998.69 0.99974 1.0
0.00914 998.82 0.99984 1.0
0.00915 998.73 0.99972 1.0
0.00916 998.85 0.99992 1.0
0.00917 998.79 0.99982 1.0
0.00918 998.79 0.99984 1.0
0.00919 998.7 0.9997 1.0
0.0092 998.8 0.9998 1.0
0.00921 998.84 0.99986 1.0
0.00922 998.8 0.9998 1.0
0.00923 998.8 0.9997 1.0
0.00924 998.79 0.99986 1.0
0.00925 998.79 0.99978 1.0
0.00926 998.85 0.99988 1.0
0.00927 998.88 0.9999 1.0
0.00928 998.77 0.99976 1.0
0.00929 998.78 0.9997 1.0
0.0093 998.84 0.99974 1.0
0.00931 998.88 0.99986 1.0
0.00932 998.85 0.99988 1.0
0.00933 998.85 0.99984 1.0
0.00934 998.89 0.99986 1.0
0.00935 998.88 0.9999 1.0
0.00936 998.86 0.99984 1.0
0.00937 998.83 0.9998 1.0
0.00938 998.76 0.99968 1.0
0.00939 998.81 0.99982 1.0
0.0094 998.83 0.99986 1.0
0.00941 998.88 0.9999 1.0
0.00942 998.79 0.9998 1.0
0.00943 998.83 0.9999 1.0
0.00944 998.85 0.99994 1.0
0.00945 998.89 0.99992 1.0
0.00946 998.86 0.99988 1.0
0.00947 998.86 0.99984 1.0
0.00948 998.82 0.99984 1.0
0.00949 998.85 0.99982 1.0
0.0095 998.87 0.99992 1.0
0.00951 998.92 0.99992 1.0
0.00952 998.88 0.99988 1.0
0.00953 998.86 0.9999 1.0
0.00954 998.86 0.99986 1.0
0.00955 998.82 0.9998 1.0
0.00956 998.87 0.99984 1.0
0.00957 998.86 0.9998 1.0
0.00958 998.88 0.99988 1.0
0.00959 998.87 0.99992 1.0
0.0096 998.91 0.99994 1.0
0.00961 998.82 0.99986 1.0
0.00962 998.84 0.99984 1.0
0.00963 998.89 0.9999 1.0
0.00964 998.88 0.9999 1.0
0.00965 998.91 0.9999 1.0
0.00966 998.86 0.99982 1.0
0.00967 998.86 0.99988 1.0
0.00968 998.86 0.99984 1.0
0.00969 998.92 0.99992 1.0
0.0097 998.85 0.99986 1.0
0.00971 998.9 0.99988 1.0
0.00972 998.86 0.99978 1.0
0.00973 998.94 0.99988 1.0
0.00974 998.87 0.9999 1.0
0.00975 998.86 0.99988 1.0
0.00976 998.91 0.99996 1.0
0.00977 998.9 0.99986 1.0
0.00978 998.9 0.9999 1.0
0.00979 998.92 0.99994 1.0
0.0098 998.86 0.99984 1.0
0.00981 998.92 0.99992 1.0
0.00982 998.93 0.99996 1.0
0.00983 998.96 0.99996 1.0
0.00984 998.92 0.99996 1.0
0.00985 998.94 0.99994 1.0
0.00986 998.9 0.99988 1.0
0.00987 998.88 0.99986 1.0
0.00988 998.89 0.9999 1.0
0.00989 998.91 0.99992 1.0
0.0099 998.83 0.99986 1.0
0.00991 998.92 0.99992 1.0
0.00992 998.9 0.99992 1.0
0.00993 998.91 0.99988 1.0
0.00994 998.91 0.99994 1.0
0.00995 998.91 0.99988 1.0
0.00996 998.9 0.9999 1.0
0.00997 998.93 0.99996 1.0
0.00998 998.87 0.99984 1.0
0.00999 998.94 0.99994 1.0
0.01 998.89 0.99992 1.0
